24.871 303 0 0 0 0 0 0 1 80
24.971 303 0 0 0 0 0 0 3 80
25.103 303 0 0 0 0 0 0 5 80
25.203 303 0 0 0 0 0 0 7 80
25.700 303 0 0 0 0 0 0 F 80
26.032 303 0 0 2 0 0 0 15 80
26.165 303 0 0 2 0 0 0 17 80
26.297 303 0 0 2 0 0 0 19 80
26.529 303 0 0 2 0 0 0 1D 80
26.762 303 0 0 2 0 0 0 21 80
26.861 303 0 0 2 0 0 0 23 80
26.994 303 0 0 2 0 0 0 25 80
27.226 303 0 0 2 0 0 0 29 80
27.491 303 0 0 2 0 0 0 2D 80
27.823 303 0 0 2 0 0 0 33 80
28.188 303 0 0 2 0 0 0 39 80
28.420 303 0 0 2 0 0 0 3D 80
28.553 303 0 0 2 0 0 0 3F 80
28.785 303 0 0 2 0 0 0 43 80
28.884 303 0 0 2 0 0 0 45 80
29.017 303 0 0 2 0 0 0 47 80
29.117 303 0 0 2 0 0 0 49 80
29.481 303 0 0 2 0 0 0 4F 80
29.846 303 0 0 2 0 0 0 55 80
30.079 303 0 0 2 0 0 0 59 80
30.443 303 0 0 2 0 0 0 5F 80
30.543 303 0 0 2 0 0 0 61 80
30.676 303 0 0 2 0 0 0 63 80
30.808 303 0 0 2 0 0 0 65 80
30.908 303 0 0 2 0 0 0 67 80
31.040 303 0 0 2 0 0 0 69 80
31.140 303 0 0 2 0 0 0 6B 80
31.505 303 0 0 2 0 0 0 71 80
31.637 303 0 0 2 0 0 0 73 80
31.869 303 0 0 2 0 0 0 77 80
32.101 303 0 0 2 0 0 0 7B 80
32.333 303 0 0 2 0 0 0 7F 80
32.798 303 0 0 2 0 0 0 87 80
32.931 303 0 0 2 0 0 0 89 80
33.030 303 0 0 2 0 0 0 8B 80
33.296 303 0 0 2 0 0 0 8F 80
33.395 303 0 0 2 0 0 0 91 80
33.627 303 0 0 2 0 0 0 95 80
33.859 303 0 0 2 0 0 0 99 80
34.224 303 0 0 2 0 0 0 9F 80
36.380 303 0 0 2 0 0 0 C3 80
36.479 303 0 0 2 0 0 0 C5 80
36.612 303 0 0 2 0 0 0 C7 80
36.844 303 0 0 2 0 0 0 CB 80
36.977 303 0 0 2 0 0 0 CD 80
37.076 303 0 0 2 0 0 0 CF 80
37.441 303 0 0 2 0 0 0 D5 80
37.540 303 0 0 2 0 0 0 D7 80
37.806 303 0 0 2 0 0 0 DB 80
37.905 303 0 0 2 0 0 0 DD 80
38.137 303 0 0 2 0 0 0 E1 80
38.403 303 0 0 2 0 0 0 E5 80
38.635 303 0 0 2 0 0 0 E9 80
38.734 303 0 0 2 0 0 0 EB 80
38.867 303 0 0 2 0 0 0 ED 80
39.099 303 0 0 2 0 0 0 F1 80
39.198 303 0 0 2 0 0 0 F3 80
39.464 303 0 0 2 0 0 0 F7 80
40.061 303 0 0 2 0 0 0 1 80
40.160 303 0 0 2 0 0 0 3 80
40.393 303 0 0 2 0 0 0 7 80
40.625 303 0 0 2 0 0 0 B 80
40.890 303 0 0 2 0 0 0 F 80
41.221 303 0 0 2 0 0 0 15 80
41.354 303 0 0 2 0 0 0 17 80
41.454 303 0 0 2 0 0 0 19 80
41.719 303 0 0 2 0 0 0 1D 80
41.951 303 0 0 2 0 0 0 21 80
42.050 303 0 0 2 0 0 0 23 80
42.183 303 0 0 2 0 0 0 25 80
42.415 303 0 0 2 0 0 0 29 80
42.647 303 0 0 2 0 0 0 2D 80
43.012 303 0 0 2 0 0 0 33 80
43.377 303 0 0 2 0 0 0 39 80
43.609 303 0 0 2 0 0 0 3D 80
43.709 303 0 0 2 0 0 0 3F 80
43.974 303 0 0 2 0 0 0 43 80
44.074 303 0 0 2 0 0 0 45 80
44.206 303 0 0 2 0 0 0 47 80
44.306 303 0 0 2 0 0 0 49 80
44.671 303 0 0 2 0 0 0 4F 80
45.035 303 0 0 2 0 0 0 55 80
45.268 303 0 0 2 0 0 0 59 80
45.632 303 0 0 2 0 0 0 5F 80
45.732 303 0 0 2 0 0 0 61 80
45.865 303 0 0 2 0 0 0 63 80
45.964 303 0 0 2 0 0 0 65 80
46.097 303 0 0 2 0 0 0 67 80
46.229 303 0 0 2 0 0 0 69 80
46.329 303 0 0 2 0 0 0 6B 80
46.694 303 0 0 2 0 0 0 71 80
46.793 303 0 0 2 0 0 0 73 80
47.058 303 0 0 2 0 0 0 77 80
47.291 303 0 0 2 0 0 0 7B 80
47.523 303 0 0 2 0 0 0 7F 80
47.987 303 0 0 2 0 0 0 87 80
48.120 303 0 0 2 0 0 0 89 80
48.219 303 0 0 2 0 0 0 8B 80
48.484 303 0 0 2 0 0 0 8F 80
48.584 303 0 0 2 0 0 0 91 80
48.816 303 0 0 2 0 0 0 95 80
49.048 303 0 0 2 0 0 0 99 80
49.413 303 0 0 2 0 0 0 9F 80
